------------------- BEGIN model.txt --------------------
# Team: A(L)IEN
# Date: 07/09/2022
# Database name: "BX-Books_hkv1.db", "BX-Ratings_hkv1.db", "BX-Users_hkv1.db"
5) link to model.RData: 
https://github.com/elchananbloom/BDH/model.rdata
6.a) RMSE of the full model UB 3.8122, IB 4.9664
6.b) histogram of RMSE:
RMSE
	N.UBCF	N.IBCF
0.0	277	135
0.5	82	24
1.0	110	6
1.5	126	20
2.0	148	15
2.5	202	18  
3.0	282	13  
3.5	338	26  
4.0	347	23  
4.5	278	40  
5.0	186	24  
5.5	125	34  
6.0	53	18  
6.5	69	27  
7.0	32	27  
7.5	29	32   
8.0	9	1  
8.5	5	27   
9.0	6	1  
9.5	8	30
10.0	0	0
10.5	2	0

6.c) Top-10 recommendations:
UBCF
user
			"Clara Callan"		"The Romantic"		"Life on eart"		"Headhunter: "		"Wicked women"		"The Dixon Co"		"White Bone"		"Girlfriend I"		"Dust to dust"		"The Forgetti"
"244"			0			0			0			0			0			0			0			0			0			0
"256"			0			0			0			0			0			0			0			0			0			5.2
"300"			0			0			0			0			5.8			0			0			0			0			0
"387"			0			0			5.8			0			5.8			0			5.8			0			0			0
"444"			4.8			0			0			0			0			0			0			0			0			0
"446"			0			0			0			0			0			0			0			0			0			0
"486"			0			0			0			0			0			0			0			0			0			0
"626"			3.5			0			0			3.5			0			0			0			0			0			0
"638"			0			0			0			0			0			0			0			0			0			0
"735"			0			0			0			0			0			0			0			0			0			0
"746"			0			0			0			0			0			0			0			0			0			0
"834"			0			0			0			0			0			0			0			0			0			0
"882"			0			0			0			0			0			0			0			0			0			0
"900"			6.2			0			0			0			0			0			0			0			0			0
"996"			0			0			0			0			0			0			0			0			0			0
"1063"			0			0			0			0			0			0			0			0			0			0
"1075"			0			0			0			0			0			0			0			0			0			9
"1131"			0			0			0			0			6.5			0			6.5			0			0			6.5
"1248"			0			0			0			0			0			0			0			0			0			0
"1294"			0			0			0			0			0			0			0			0			0			0
"1376"			0			0			0			0			0			0			0			0			0			0
"1409"			0			0			0			0			0			0			0			0			0			0
"1424"			0			0			8			0			0			0			0			0			0			0
"1585"			0			0			0			0			0			0			0			0			0			7.2
"1597"			0			0			0			0			6.8			0			6.8			0			0			0
"1608"			0			0			0			0			0			0			0			0			0			0
"1903"			0			0			0			0			0			0			0			0			3.5			0
"2010"			0			0			0			0			0			0			0			0			0			0
"2033"			0			0			0			0			0			0			0			0			0			0
"2106"			0			0			0			0			0			0			0			0			0			0
"2197"			7.2			0			0			0			0			7.2			0			0			0			0
"2295"			0			0			0			0			4.5			0			4.5			0			0			0
"2399"			0			0			0			0			0			0			0			0			0			0
"2437"			0			0			0			0			5.5			0			0			0			0			0
"2630"			0			0			0			0			0			0			0			0			0			0
"2982"			0			0			0			0			0			0			0			0			0			0
"3100"			0			0			0			0			0			0			0			0			0			0
"3154"			0			0			0			0			0			0			0			0			0			0
"3192"			0			0			0			0			0			0			0			0			0			0
"3266"			7			0			0			0			0			0			0			0			0			0
"3374"			0			0			0			0			0			0			0			0			0			7.2
"3418"			7.5			0			0			0			0			0			0			0			0			0
"3437"			0			0			5.5			0			0			0			0			0			0			0
"3467"			0			0			0			0			0			0			0			0			0			0
"3578"			0			0			0			0			0			0			0			0			0			0
"3643"			0			0			0			0			0			0			0			0			0			0
"3719"			0			0			0			0			0			0			0			0			0			0
"3817"			0			0			0			0			0			0			0			0			0			0
"3827"			0			0			0			0			0			0			0			0			0			0
"3840"			0			0			0			0			0			0			0			0			0			0
"3954"			0			0			0			0			0			0			0			0			0			0
"3965"			7.8			0			0			0			7.8			0			0			0			0			0
"4091"			0			0			0			0			0			0			0			0			0			0
"4092"			0			0			0			0			0			0			0			0			0			0
"4144"			0			0			0			0			0			0			0			0			0			0
"4541"			0			0			4.8			0			0			0			0			0			0			0
"4895"			0			0			0			0			0			0			0			0			0			0
"4938"			0			0			0			0			5.5			0			5.5			0			0			0
"5048"			0			0			0			0			0			0			0			0			0			0
"5091"			0			0			0			0			0			0			0			0			0			0
"5208"			3.2			0			0			0			0			0			0			0			0			0
"5209"			5.5			0			0			0			0			0			0			0			0			0
"5285"			0			0			0			0			4.8			0			4.8			0			0			0
"5331"			0			0			0			0			0			0			0			0			0			0
"5333"			0			0			0			0			0			0			0			0			0			8.5
"5350"			0			0			4.5			0			0			0			0			0			0			0
"5443"			3			0			0			0			0			0			0			0			0			0
"5448"			0			0			0			0			0			0			0			0			0			0
"5459"			0			0			0			0			0			0			0			0			0			0
"5539"			0			0			0			0			0			0			0			0			0			0
"5665"			0			0			0			0			6.5			0			0			0			0			0
"5669"			2.5			0			2.5			0			0			0			0			0			0			0
"5674"			0			0			0			0			0			0			0			0			0			0
"5730"			0			0			0			0			0			0			0			0			0			0
"5741"			0			0			0			0			0			0			0			0			0			0
"5746"			0			0			0			0			0			0			0			0			0			0
"5769"			0			0			0			0			0			0			0			0			0			0
"5783"			0			0			0			0			0			0			0			0			0			0
"5850"			0			0			0			0			0			0			0			0			0			0
"5932"			0			0			0			0			0			0			0			0			0			0
"5998"			0			0			0			0			0			0			0			0			0			0
"6242"			0			0			0			0			6.2			0			6.2			0			0			0
"6249"			10.2			0			0			0			0			0			0			0			0			0
"6338"			0			0			0			0			0			0			0			0			0			0
"6345"			10.5			0			0			0			0			0			0			0			0			0
"6398"			7.2			0			0			0			0			0			0			0			0			0
"6401"			0			0			0			0			0			0			0			0			0			0
"6460"			5.8			0			0			0			0			5.8			0			0			0			0
"6501"			0			0			0			0			6.2			0			6.2			0			0			0
"6532"			0			0			0			0			0			0			0			0			0			0
"6537"			0			0			0			0			0			0			0			0			0			0
"6662"			0			0			0			0			0			0			0			0			0			0
"6671"			0			0			0			0			0			0			0			0			0			0
"6703"			0			0			0			0			0			0			0			0			0			0
"6741"			2.5			0			0			0			2.5			0			2.5			0			0			0
"6769"			0			0			0			0			0			0			0			0			0			0
"6772"			0			0			0			0			0			0			0			0			0			0
"6906"			0			0			0			0			0			0			0			0			0			0
"6958"			0			0			0			0			0			0			0			0			0			6.2
"6990"			3.5			0			3.5			0			0			0			0			0			0			3.5
"7082"			0			0			0			0			0			0			0			0			0			0
"7134"			0			0			0			0			0			0			0			0			0			0
"7158"			0			0			0			0			0			0			0			0			0			0
"7210"			0			0			0			0			0			0			0			0			0			0
"7245"			0			0			0			0			0			0			0			0			0			0
"7266"			0			0			0			0			0			0			0			0			0			0
"7283"			0			0			0			0			0			0			0			0			0			0
"7371"			0			0			0			0			0			0			0			0			0			0
"7809"			0			0			8.5			0			0			0			0			0			0			0
"7887"			3.5			0			0			0			0			0			0			0			0			0
"7915"			0			0			0			0			2.8			0			2.8			0			0			0
"7916"			0			0			0			0			8.5			0			0			0			0			0
"7980"			9.8			0			9.8			0			0			9.8			0			0			0			0
"8167"			0			0			0			0			0			0			0			0			0			0
"8189"			0			0			0			0			0			0			0			0			0			0
"8201"			0			0			0			0			0			0			0			0			0			0
"8245"			0			0			0			0			0			0			0			0			0			0
"8250"			4.8			0			0			0			0			0			0			0			0			0
"8255"			0			0			0			0			0			0			0			0			0			0
"8284"			0			0			0			0			0			0			0			0			0			0
"8290"			0			0			0			0			6.8			0			6.8			0			0			6.8
"8487"			0			0			0			0			3			0			3			0			0			0
"8529"			0			0			0			0			0			0			0			0			0			0
"8839"			0			0			0			0			0			0			0			0			0			0
"8930"			0			0			0			0			0			0			0			0			0			0
"8936"			0			0			0			0			0			0			0			0			0			0
"8971"			5.8			0			0			0			0			0			0			0			0			0
"9174"			0			0			0			0			0			0			0			0			0			0
"9183"			0			0			0			0			5.8			0			5.8			0			0			0
"9295"			0			0			0			0			0			0			0			0			0			0
"9846"			0			0			0			0			0			0			0			0			0			0
"9856"			0			0			0			0			0			0			0			0			0			0
"10030"			0			0			0			0			0			0			0			0			0			0
"10118"			0			0			0			0			0			0			0			0			0			0
"10207"			0			0			0			0			0			0			0			0			0			0
"10354"			6.8			0			0			0			0			0			0			0			0			0
"10433"			0			0			0			0			0			0			0			0			0			0
"10532"			0			0			7.2			0			7.2			0			7.2			0			0			0
"10619"			0			0			0			0			0			0			0			0			0			0
"10643"			0			0			0			0			0			0			0			0			0			0
"10660"			7.5			0			7.5			0			0			0			0			0			0			0
"10697"			0			0			0			0			5.2			0			5.2			0			0			0
"10737"			3.5			0			0			0			0			0			0			0			0			3.5
"10813"			0			0			0			0			0			0			0			0			0			0
"10819"			2.5			0			2.5			0			0			0			0			0			0			0
"10917"			0			0			5.2			0			0			0			0			0			0			0
"10921"			0			0			0			0			7			0			7			0			0			0
"10985"			2.8			0			0			0			0			0			0			0			0			0
"11038"			0			0			0			0			0			0			0			0			0			0
"11179"			7.5			0			0			0			0			0			0			0			0			0
"11260"			4.5			0			0			0			0			0			0			0			0			0
"11399"			0			0			4.5			0			4.5			0			4.5			0			0			0
"11435"			0			0			0			0			0			0			0			0			0			0
"11517"			0			0			0			0			0			0			0			0			9.5			0
"11520"			0			0			0			0			0			0			0			0			0			0
"11601"			0			0			0			0			0			0			0			0			0			0
"11621"			0			0			0			0			0			0			0			0			0			0
"11638"			0			0			0			0			0			0			0			0			0			0
"11724"			0			0			0			0			5			0			0			0			0			0
"11832"			0			0			0			0			0			0			0			0			0			0
"11916"			0			0			0			0			0			0			0			0			0			9.2
"11944"			0			0			0			0			0			0			0			0			0			0
"12035"			2.2			0			0			0			0			0			0			0			0			0
"12111"			0			0			0			0			0			0			0			0			0			0
"12194"			0			0			0			0			0			0			0			0			0			7.8
"12238"			0			0			0			0			0			0			0			0			0			0
"12316"			0			0			0			0			0			0			0			0			0			0
"12328"			0			0			0			0			0			0			0			0			0			0
"12388"			0			0			0			0			0			0			0			0			0			0
"12390"			0			0			0			0			0			0			0			0			0			0
"12524"			0			0			0			0			0			0			0			0			0			0
"12537"			7.5			0			0			0			0			0			0			0			0			0
"12567"			0			0			0			0			0			0			0			0			0			0
"12569"			0			0			0			0			0			0			0			0			0			0
"12651"			3.5			0			0			3.5			0			0			0			0			0			0
"12657"			0			0			0			0			0			0			0			0			0			0
"12824"			5.8			0			0			0			5.8			0			5.8			0			0			0
"12917"			0			0			0			0			0			0			0			0			0			0
"12945"			0			0			0			0			0			0			0			0			0			0
"13026"			0			0			0			0			0			0			0			0			0			0
"13057"			0			0			0			0			0			0			0			0			0			0
"13126"			0			0			0			0			7.5			0			7.5			0			0			0
"13173"			0			0			0			0			5.5			0			5.5			0			0			0
"13215"			0			0			0			0			3.5			0			0			0			0			0
"13259"			0			0			0			0			0			0			0			0			0			0
"13528"			0			0			0			0			0			0			0			0			0			0
"13604"			0			0			0			0			0			0			0			0			0			0
"13715"			0			0			0			0			4.2			0			0			0			0			0
"13716"			0			0			0			0			0			0			0			0			0			0
"13733"			0			0			0			0			0			0			0			0			0			7.8
"13867"			4.2			4.2			0			0			0			0			0			0			0			0
"13872"			5.2			0			0			0			0			0			0			0			0			0
"14049"			7			0			0			0			0			0			0			0			7			7
"14087"			0			0			0			0			0			0			0			0			0			0
"14183"			0			0			0			0			0			0			0			0			0			0
"14201"			6.8			0			0			0			0			0			0			0			0			6.8
"14249"			0			0			0			0			0			0			0			0			0			0
"14279"			0			0			0			0			0			0			0			0			0			0
"14281"			0			0			0			0			0			0			0			0			0			0
"14295"			3.2			0			0			0			0			0			0			0			0			0
"14423"			0			0			0			0			0			0			0			0			0			4.5
"14449"			0			0			0			0			0			0			0			0			0			0
"14521"			0			0			0			0			0			0			0			0			0			0
"14965"			0			0			0			0			0			0			0			0			0			0
"15021"			0			0			0			0			0			0			0			0			0			0
"15049"			8.5			0			0			0			8.5			0			8.5			0			0			0
"15150"			5.8			0			0			0			0			0			0			0			0			0
"15213"			0			0			0			0			0			0			0			0			0			0
"15381"			0			0			0			0			0			0			0			0			0			0
"15500"			0			0			0			0			7.8			0			0			0			0			0
"15602"			0			0			0			0			0			0			0			0			0			10.5
"15651"			0			0			0			0			0			0			0			0			0			0
"15670"			0			0			0			0			3			0			3			0			0			0
"15936"			0			0			0			0			0			0			0			0			0			0
"16005"			5.7			0			0			0			0			0			0			0			0			0
"16009"			0			0			0			0			0			0			0			0			0			0
"16010"			0			0			0			0			0			0			0			0			0			8.2
"16141"			0			0			0			0			0			0			0			0			0			0
"16263"			5.5			0			0			0			0			0			0			0			0			5.5
"16319"			0			0			0			0			0			0			0			0			0			0
"16413"			0			0			0			0			0			0			0			0			0			0
"16417"			0			0			0			0			0			0			0			0			0			0
"16418"			0			0			0			0			2.8			0			2.8			0			0			2.8
"16532"			0			0			0			0			0			0			0			0			0			0
"16545"			0			0			0			0			0			0			0			0			0			0
"16551"			0			0			0			0			0			0			0			0			0			0
"16585"			5.5			5.5			0			0			0			0			0			0			0			0
"16637"			0			0			0			0			4.2			0			4.2			0			0			0
"16643"			0			0			0			0			0			0			0			0			0			0
"16666"			0			0			0			0			0			0			0			0			0			0
"16781"			0			0			0			0			0			0			0			0			0			0
"16814"			0			0			0			0			0			0			0			0			0			0
"16818"			0			0			0			0			0			0			0			0			0			0
"16867"			0			0			0			0			0			0			0			0			0			0
"16877"			0			0			0			0			5.5			0			5.5			0			0			0
"16908"			0			0			0			0			0			0			0			0			0			0
"16974"			3			0			0			0			0			0			0			0			0			0
"16994"			0			0			0			0			0			0			0			0			0			0
"16999"			0			0			0			0			0			0			0			0			0			0
"17045"			5			0			0			0			0			0			0			0			0			0
"17054"			0			0			0			0			0			0			0			0			0			0
"17172"			0			0			0			0			0			0			0			0			0			0
"17200"			0			0			0			0			0			0			0			0			0			0
"17233"			10			0			0			0			0			0			0			0			0			0
"17277"			6.5			0			0			0			0			0			0			0			0			0
"17340"			0			0			0			0			5.2			0			5.2			0			0			0
"17531"			0			0			0			0			0			0			0			0			0			4.8
"17589"			0			0			0			0			0			0			0			0			0			0
"17605"			0			0			0			0			2.8			0			2.8			0			0			0
"17702"			3.7			0			0			0			0			0			0			0			0			0
"17724"			0			0			0			0			0			0			0			0			0			0
"17894"			0			0			0			0			0			0			0			0			0			0
"17906"			0			0			0			0			6.5			0			0			0			0			0
"17965"			0			0			0			0			0			0			0			0			0			3.5
"18012"			0			0			0			0			0			0			0			0			0			3.5
"18097"			0			0			0			0			0			0			0			0			0			0
"18322"			0			0			0			0			0			0			0			0			0			0
"18323"			0			0			0			0			3.8			0			3.8			0			0			0
"18333"			0			0			0			0			0			0			0			0			0			0
"18384"			0			0			0			0			0			0			0			0			0			0
"18464"			3			0			0			0			0			0			0			0			0			0
"18519"			4			0			0			0			0			0			0			0			0			0
"18672"			0			0			0			0			0			0			0			0			0			0
"18758"			0			0			0			0			0			0			0			0			0			3.5
"19031"			0			0			0			0			0			0			0			0			0			0
"19078"			0			0			0			0			0			0			0			0			0			0
"19233"			0			0			0			0			0			0			0			0			0			6
"19362"			0			0			0			0			6.2			0			6.2			0			0			0
"19487"			0			0			0			0			0			0			0			0			0			0
"19803"			0			0			0			0			0			0			0			0			0			0
"19874"			0			0			0			0			0			0			0			0			0			0
"19969"			0			0			0			0			0			0			0			0			0			0
"20022"			4.2			0			0			0			0			0			0			0			0			0
"20120"			0			0			0			0			0			0			0			0			0			0
"20126"			0			0			0			0			0			0			0			0			0			0
"20245"			0			0			0			0			0			0			0			0			0			0
"20288"			0			0			0			0			0			0			0			0			0			0
"20345"			0			0			0			0			0			0			0			0			0			0
"20401"			0			0			0			0			0			0			0			0			0			0
"20404"			7			0			0			0			0			0			0			0			0			0
"20418"			0			0			0			0			0			0			0			0			0			0
"20446"			0			0			0			0			0			0			0			0			0			0
"20448"			5			0			5			0			0			0			0			0			0			0
"20449"			5.2			0			0			0			0			0			0			0			0			0
"20484"			0			0			0			0			0			0			0			0			0			0
"20622"			0			0			0			0			0			0			0			0			0			0
"20668"			0			0			0			0			0			0			0			0			0			0
"20784"			0			0			0			0			0			0			0			0			0			0
"20845"			0			0			0			0			0			0			0			0			0			0
"20846"			0			0			0			0			0			0			0			0			0			0
"20866"			0			0			0			0			0			0			0			0			0			0
"20918"			0			0			0			0			0			0			0			0			0			0
"20946"			0			0			0			0			0			0			0			0			0			0
"21188"			0			0			0			0			0			0			0			0			0			0
"21257"			0			0			0			0			0			0			0			0			0			8.2
"21340"			8.8			0			0			0			0			0			0			0			0			0
"21343"			0			0			0			0			0			0			0			0			0			0
"21356"			0			0			0			0			0			0			0			0			0			0
"21484"			0			0			0			0			7.2			0			7.2			0			0			0
"21490"			0			0			0			0			0			0			0			0			0			0
"21540"			5.5			0			0			0			5.5			0			5.5			0			0			0
"21550"			0			0			0			0			0			0			0			0			0			0
"21708"			0			0			0			0			0			0			0			0			0			0
"21750"			0			0			0			0			0			0			0			0			0			0
"21912"			0			0			5.5			0			0			0			0			0			0			0
"21948"			0			0			0			0			8			0			0			0			0			0
"22015"			0			0			0			0			0			0			0			0			0			0
"22154"			0			0			0			0			2.2			0			2.2			0			0			0
"22200"			0			0			0			0			0			0			0			0			0			2.5
"22389"			0			0			0			0			0			0			0			0			0			0
"22624"			0			0			0			0			0			0			0			0			0			0
"22888"			8.5			0			0			0			0			0			0			0			0			0
"22922"			0			0			0			0			0			0			0			0			0			2.4
"23124"			0			0			0			0			0			0			0			0			0			0
"23128"			0			0			0			0			0			0			0			0			0			0
"23138"			0			0			0			0			0			0			0			0			0			0
"23188"			0			0			0			0			0			0			0			0			0			0
"23231"			0			0			7.8			0			0			0			0			0			0			0
"23297"			5.5			0			0			0			5.5			0			5.5			0			0			0
"23341"			0			0			0			0			0			0			0			0			0			0
"23364"			0			0			0			0			0			0			0			0			0			0
"23642"			0			0			0			0			0			0			0			0			0			0
"23652"			0			0			0			0			0			0			0			0			0			6.5
"23659"			0			0			3			0			0			0			0			0			0			0
"23699"			0			0			9			0			0			0			0			0			0			0
"23749"			3.2			0			0			0			0			0			0			0			0			0
"23771"			0			0			0			0			0			0			0			0			0			0
"23796"			0			0			0			0			0			0			0			0			0			0
"23835"			0			0			0			0			0			0			0			0			0			0
"23871"			0			0			0			0			0			0			0			0			0			0
"23881"			0			0			0			0			0			0			0			0			0			0
"23885"			0			0			0			0			0			0			0			0			0			0
"23997"			0			0			0			0			0			0			0			0			0			0
"24044"			0			0			0			0			0			0			0			0			0			0
"24052"			0			0			0			0			8.2			0			8.2			0			0			0
"24115"			0			0			0			0			7.2			0			7.2			0			0			7.2
"24188"			0			0			0			0			0			0			0			0			0			0
"24432"			0			0			0			0			0			0			0			0			0			0
"24458"			2.3			0			0			0			0			0			0			0			0			2.9
"24515"			8.5			0			0			0			0			0			0			0			0			0
"24556"			0			0			0			0			0			0			0			0			0			0
"24771"			5.5			0			0			0			0			0			0			0			0			0
"24846"			0			0			0			0			5			0			5			0			0			0
"24861"			0			0			0			0			0			0			0			0			0			0
"24934"			0			0			0			0			0			0			0			0			0			0
"24995"			0			0			0			0			0			0			0			0			0			0
"25008"			0			0			0			0			0			0			0			0			0			0
"25122"			0			0			0			0			0			0			0			0			0			0
"25153"			0			0			0			0			0			0			0			0			0			0
"25178"			2.2			0			0			0			0			0			0			0			0			0
"25359"			0			0			0			0			0			0			0			0			0			0
"25368"			0			0			0			0			0			0			0			0			0			0
"25409"			0			0			0			0			0			0			0			0			0			0
"25436"			0			0			0			0			0			0			0			0			0			0
"25453"			0			0			0			0			0			0			0			0			0			0
"25601"			0			0			0			0			0			0			0			0			0			0
"25630"			0			0			0			0			0			0			0			0			0			0
"25677"			0			0			0			0			0			0			0			0			0			0
"25826"			0			0			0			0			0			0			0			0			0			0
"25916"			0			0			0			0			0			0			0			0			0			0
"25957"			0			0			0			0			0			0			0			0			0			0
"26182"			0			0			0			0			0			0			0			0			0			0
"26206"			5.2			0			0			0			0			0			0			0			0			0
"26209"			0			0			0			0			0			0			0			0			0			9.8
"26412"			0			0			0			0			0			0			0			0			0			0
"26418"			0			0			0			0			2.5			0			2.5			0			0			0
"26432"			8.5			0			8.5			0			0			0			0			0			0			0
"26473"			0			0			0			0			0			0			0			0			0			0
"26516"			0			0			0			0			0			0			0			0			0			0
"26518"			0			0			0			0			0			0			0			0			0			3
"26535"			5.5			0			0			0			0			5.5			0			0			0			0
"26544"			0			0			0			0			0			0			0			0			0			0
"26611"			0			0			0			0			5.2			0			5.2			0			0			0
"26612"			0			0			0			0			0			0			0			0			0			0
"26659"			0			0			0			0			2.8			0			2.8			0			0			0
"26713"			0			0			0			0			0			0			0			0			0			5.2
"26731"			0			0			0			0			0			0			0			0			0			0
"26927"			6.6			0			0			0			0			0			0			0			0			0
"26939"			0			0			0			0			0			0			0			0			0			0
"26949"			0			0			0			0			0			0			0			0			0			0
"27091"			0			0			0			0			0			0			0			0			0			0
"27192"			0			0			0			0			0			0			0			0			0			0
"27313"			0			0			0			0			0			0			0			0			0			0
"27472"			0			0			0			0			0			0			0			0			0			2.8
"27499"			0			0			0			0			0			0			0			0			0			0
"27821"			3.2			0			0			0			0			0			0			0			0			0
"27838"			0			0			0			0			0			0			0			0			0			0
"27891"			0			0			0			0			0			0			0			0			0			0
"27955"			0			0			0			0			0			0			0			0			0			0
"28139"			3.2			0			0			0			0			0			0			0			0			0
"28222"			0			0			0			0			8.8			0			8.8			0			0			0
"28366"			0			0			0			0			0			0			0			0			0			0
"28371"			0			0			0			0			0			0			0			0			0			0
"28488"			0			0			0			0			0			0			0			0			0			0
"28492"			0			0			0			0			0			0			0			0			0			5
"28539"			0			0			0			0			0			0			0			0			0			5
"28634"			0			0			0			0			0			0			0			0			0			0
"28735"			0			0			0			0			3			0			3			0			0			0
"28900"			0			0			0			0			6.5			0			0			0			0			0
"28980"			3			0			0			0			0			0			0			0			0			0
"29056"			0			0			0			0			0			0			0			0			0			0
"29101"			0			0			0			0			0			0			0			0			0			0
"29133"			7.2			0			0			0			0			0			0			0			0			0
"29279"			0			0			0			0			0			0			0			0			0			0
"29380"			0			0			0			0			0			0			0			0			0			0
"29483"			3.5			0			0			0			0			0			0			0			0			0
"29485"			0			0			0			0			0			0			0			0			0			4.5
"29497"			0			0			0			0			0			0			0			0			0			6.8
"29743"			0			0			0			0			0			0			0			0			0			0
"29848"			0			0			0			0			3.5			0			3.5			0			0			3.5
"29855"			0			0			0			0			2.5			0			2.5			0			0			0
"29867"			0			0			0			0			10			0			10			0			0			0
"30246"			0			0			0			0			0			0			0			0			0			0
"30261"			0			0			0			0			0			0			0			0			0			0
"30290"			0			0			0			0			0			0			0			0			0			0
"30291"			0			0			0			0			0			0			0			0			0			0
"30319"			0			0			0			0			0			0			0			0			0			0
"30324"			0			0			0			0			0			0			0			0			0			0
"30341"			0			0			0			0			0			0			0			0			0			3.5
"30385"			0			0			0			0			0			0			0			0			0			0
"30406"			4.2			0			0			0			0			0			0			0			0			0
"30408"			0			0			0			0			0			0			0			0			0			0
"30495"			0			0			0			0			0			0			0			0			0			0
"30577"			3.5			0			0			0			0			0			0			0			0			0
"30607"			0			0			0			0			0			0			0			0			0			0
"30677"			0			0			0			0			0			0			0			0			0			0
"30771"			0			0			0			0			0			0			0			0			0			0
"30824"			0			0			0			0			0			0			0			0			0			0
"30906"			0			0			0			0			0			0			0			0			9.5			9.5
"30933"			9.5			0			0			0			0			0			0			0			0			0
"30971"			0			0			0			0			0			0			0			0			0			0
"30985"			8.2			0			0			0			0			0			0			0			0			0
"31006"			0			0			0			0			0			0			0			0			0			0
"31013"			0			0			0			0			0			0			0			0			0			0
"31050"			0			0			0			0			0			0			0			0			0			0
"31152"			0			0			0			0			2.5			0			2.5			0			0			0
"31235"			0			0			0			0			0			0			0			0			0			0
"31298"			0			0			0			0			0			0			0			0			0			0
"31342"			10			0			0			0			0			0			0			0			0			0
"31392"			0			0			0			0			5			0			0			0			0			0
"31398"			0			0			0			0			0			0			0			0			0			0
"31431"			0			0			0			0			0			0			0			0			0			0
"31434"			0			0			0			0			9			0			9			0			0			9
"31471"			0			0			0			0			0			0			0			0			0			0
"31692"			4			0			0			0			0			0			0			0			0			4
"31702"			0			0			0			0			0			0			0			0			0			0
"31735"			0			0			0			0			0			0			0			0			0			0
"31742"			0			0			0			0			0			0			0			0			0			0
"31826"			8.5			0			0			0			0			0			0			0			0			0
"31846"			0			0			0			0			0			0			0			0			0			0
"31858"			0			0			0			0			0			0			0			0			0			0
"31950"			0			0			0			0			5			0			5			0			0			0
"32003"			0			0			0			0			0			0			0			0			0			0
"32028"			0			0			0			0			0			0			0			0			0			0
"32122"			0			0			0			0			0			0			0			0			0			0
"32184"			0			0			0			0			0			0			0			0			0			0
"32195"			0			0			0			0			0			0			0			0			0			0
"32244"			0			0			0			0			0			10.8			0			0			0			10.8
"32250"			0			0			0			0			3			0			3			0			0			3
"32289"			4			4			0			0			4			0			4			0			0			0
"32402"			0			0			0			0			0			0			0			0			0			0
"32444"			0			0			0			0			0			0			0			0			0			0
"32541"			0			0			0			0			5.2			0			5.2			0			0			0
"32599"			0			0			0			0			0			0			0			0			0			0
"32627"			5			0			0			0			0			0			0			0			0			0
"32694"			0			0			0			0			0			0			0			0			0			0
"33004"			0			0			0			0			0			0			0			0			0			0
"33200"			0			0			0			0			0			0			0			0			0			0
"33264"			5.8			0			0			0			0			0			0			0			0			5.8
"33307"			0			0			0			0			0			0			0			0			0			5.8
"33319"			0			0			0			0			0			0			0			0			0			0
"33408"			9.8			0			0			0			0			0			0			0			0			0
"33461"			0			0			0			0			0			0			0			0			0			0
"33474"			0			0			0			0			0			0			0			0			0			0
"33580"			0			0			0			0			0			0			0			0			0			0
"33590"			0			0			0			0			0			0			0			0			0			0
"33681"			0			0			0			0			0			0			0			0			0			0
"33697"			0			0			0			0			2.5			0			2.5			0			0			0
"33822"			0			0			0			0			0			0			0			0			0			4.5
"33974"			0			0			0			0			0			0			0			0			0			0
"33981"			5.2			0			0			0			0			0			0			0			0			0
"34115"			0			0			0			0			0			0			0			0			0			0
"34181"			0			0			0			0			0			0			0			0			0			0
"34227"			0			0			0			0			0			0			0			0			0			0
"34230"			0			0			0			0			2.2			0			2.2			0			0			0
"34412"			0			0			0			0			0			0			0			0			0			0
"34444"			3			0			0			0			0			0			0			0			0			0
"34526"			0			0			0			0			0			0			0			0			0			0
"34570"			8.8			0			0			0			0			0			0			0			0			0
"34701"			3.5			0			0			0			0			0			0			0			0			0
"34801"			0			0			0			0			0			0			0			0			0			0
"34810"			7.5			0			0			0			0			0			0			0			0			0
"34823"			0			0			0			0			0			0			0			0			0			0
"35030"			4			0			0			0			0			0			0			0			0			0
"35042"			0			0			0			0			0			0			0			0			0			0
"35081"			0			0			0			0			0			0			0			0			0			8.2
"35143"			0			0			0			0			0			0			0			0			0			0
"35144"			0			0			0			0			6.8			0			6.8			0			0			0
"35165"			0			0			0			0			0			0			0			0			0			0
"35182"			0			0			0			0			0			0			0			0			0			3.5


IBCF
user
			"Clara Callan"		"The Forgetti"		"Spadework"		"The Piano Ma"		"Angelas Ashe"		"Trials of Ti"		"FUTON FEVER"		"Postcards"		"Miss Smillas"		"Red Leaves"
"254"			0			0			0			0			0			0			0			0			0			0
"388"			0			0			0			0			7			0			0			0			0			0
"408"			0			0			0			0			0			0			0			0			0			0
"487"			0			0			0			0			0			0			0			0			0			0
"505"			0			0			0			0			0			0			0			0			0			0
"619"			0			0			0			0			0			0			0			0			0			0
"638"			0			0			0			0			0			0			0			0			0			0
"735"			0			0			0			0			0			0			0			0			0			0
"876"			0			0			0			0			0			0			0			0			0			0
"1075"			5			0			0			0			0			5			0			0			0			7
"1131"			0			0			0			0			0			0			0			0			0			0
"1184"			0			0			0			0			0			0			3			0			0			0
"1548"			0			0			0			0			0			0			0			0			0			0
"1733"			0			0			0			0			0			0			0			0			0			0
"1848"			0			0			0			0			0			0			0			0			0			10
"1903"			0			0			0			0			0			0			0			0			0			0
"2132"			0			0			0			0			0			0			0			0			0			0
"2358"			0			0			0			0			0			0			0			0			0			0
"3167"			0			0			0			0			0			0			0			0			0			0
"3282"			0			0			0			0			0			0			0			0			0			0
"3331"			0			0			0			0			0			0			0			0			0			0
"3373"			0			0			0			0			0			0			0			0			0			0
"3418"			0			0			0			0			0			0			0			0			0			0
"3556"			0			0			0			0			0			0			0			0			0			0
"3578"			0			0			0			0			0			0			0			0			0			0
"3719"			0			0			0			0			0			0			0			0			0			0
"3923"			0			0			0			0			0			0			0			0			0			0
"4092"			0			0			0			0			0			0			0			0			0			0
"4131"			1			0			0			0			0			0			1			0			0			0
"4223"			0			0			0			0			0			0			0			4			0			0
"4228"			0			0			0			0			0			0			0			0			0			0
"4334"			0			0			0			0			0			0			0			0			0			0
"4622"			0			0			0			0			0			0			0			0			0			0
"4785"			0			0			0			0			0			0			0			0			0			0
"5439"			0			0			0			0			0			0			0			0			0			0
"5483"			0			0			0			0			0			0			0			0			0			0
"5609"			0			0			0			0			0			0			0			0			0			0
"5709"			0			0			0			0			0			0			0			0			0			0
"6330"			0			0			0			0			0			0			0			0			0			0
"6431"			4			0			0			0			0			0			4			0			0			0
"6532"			0			0			0			0			0			0			0			0			0			0
"6564"			0			0			0			0			0			0			0			0			0			0
"6566"			0			0			0			0			0			0			0			0			0			0
"6577"			0			0			0			0			0			0			0			0			0			0
"6611"			0			0			0			0			0			0			0			0			0			0
"6769"			0			0			0			0			0			0			0			0			0			0
"7082"			0			0			0			0			0			0			0			0			0			0
"7105"			0			0			0			0			0			0			0			0			0			0
"7210"			0			0			0			0			0			0			0			0			0			0
"7283"			0			0			0			0			0			0			0			0			0			5
"7346"			0			0			0			0			0			0			0			0			0			0
"7809"			0			0			0			0			0			0			0			0			0			0
"7841"			0			0			0			0			0			0			0			0			0			0
"7887"			0			0			0			0			0			0			0			0			0			0
"7915"			0			0			0			0			0			0			0			0			0			0
"8167"			0			0			0			0			0			0			0			0			0			0
"8250"			0			0			0			0			0			0			0			0			0			0
"8487"			0			0			0			0			0			0			0			0			0			0
"8801"			0			0			0			0			0			0			0			0			0			0
"8872"			0			0			0			0			0			0			0			0			0			0
"8890"			0			10			0			0			10			0			0			0			0			0
"9094"			0			0			0			0			0			0			0			0			0			0
"9313"			0			0			0			0			0			0			0			0			0			0
"9373"			0			0			0			0			0			0			0			0			0			0
"9660"			0			0			0			0			0			0			0			0			0			0
"10030"			0			0			0			0			0			0			0			0			0			0
"10199"			0			0			0			0			0			0			0			0			0			10
"10619"			0			0			0			0			0			0			0			0			0			0
"10697"			0			0			0			0			0			0			0			0			0			0
"10965"			0			0			0			0			0			9			0			0			0			0
"11245"			0			0			0			0			0			0			0			0			0			0
"11629"			0			0			0			0			0			0			0			0			0			0
"11657"			0			0			0			0			0			0			0			0			0			0
"11676"			0			0			0			0			0			0			7			0			0			0
"11788"			0			0			0			0			0			0			0			0			0			0
"11832"			0			0			0			0			0			0			0			0			0			0
"12154"			0			7			0			0			0			0			0			0			0			0
"12272"			0			0			0			0			0			0			0			0			0			0
"12538"			0			0			0			0			0			0			0			0			0			0
"12698"			0			0			0			0			0			0			0			0			0			0
"12824"			0			0			0			0			8			0			0			0			0			0
"12863"			0			0			0			0			0			0			0			0			0			0
"13666"			0			0			0			0			0			0			0			0			0			0
"14326"			0			0			0			0			0			0			0			0			0			0
"14387"			0			0			0			0			0			0			0			0			0			0
"14393"			0			0			0			0			0			0			0			0			0			0
"14451"			0			0			0			0			0			0			0			0			0			0
"14456"			0			0			0			0			0			0			0			0			0			0
"15361"			0			0			0			0			0			0			0			0			0			0
"15651"			0			0			0			0			0			0			0			0			0			0
"15918"			0			0			0			0			0			0			0			0			0			0
"15936"			0			0			0			0			0			0			0			0			0			0
"16036"			0			0			0			0			0			0			0			0			0			0
"16155"			0			0			0			0			0			0			0			0			0			0
"16231"			0			0			0			0			0			0			0			0			0			0
"16488"			0			0			0			0			0			0			0			0			0			0
"16504"			0			0			0			0			0			0			7			0			0			8
"16601"			0			0			0			0			0			0			0			0			0			0
"16718"			0			0			0			0			0			0			0			0			0			0
"16777"			0			0			0			0			0			10			0			0			0			0
"16916"			0			0			0			0			0			0			0			0			0			0
"17233"			0			0			0			0			0			0			0			0			0			0
"17761"			0			0			0			0			0			0			0			0			0			0
"17859"			0			0			0			0			0			0			0			0			0			0
"17894"			0			0			0			0			0			0			0			0			0			0
"17950"			0			0			0			0			0			0			0			0			0			0
"18012"			0			0			0			0			0			0			0			0			0			0
"18095"			0			0			0			0			0			0			0			0			0			0
"18384"			0			0			0			0			0			0			0			0			0			0
"18689"			0			0			0			0			0			0			0			0			0			0
"18714"			0			0			0			0			0			0			0			0			0			0
"19336"			0			0			0			0			9			0			0			0			0			0
"19571"			0			0			0			0			0			0			0			0			0			0
"19711"			0			0			0			0			0			0			0			0			0			0
"19760"			0			0			0			0			0			0			0			0			0			0
"19935"			0			0			0			0			0			0			0			0			0			0
"19972"			0			0			0			0			0			0			0			0			0			0
"20032"			0			0			0			0			0			0			0			0			0			0
"20060"			0			0			0			0			0			0			0			0			0			0
"20106"			0			0			0			0			0			0			0			0			0			5
"20150"			0			0			0			0			0			0			0			0			0			0
"20201"			0			0			0			0			0			0			0			0			0			0
"20332"			0			0			0			0			0			0			0			0			0			0
"20971"			0			0			0			0			0			0			0			0			0			0
"21014"			0			0			0			0			0			0			0			0			0			0
"21188"			0			0			0			0			0			0			0			0			0			0
"21912"			0			0			0			0			0			0			0			0			0			0
"22023"			0			0			0			0			0			0			0			0			0			0
"22062"			0			0			0			0			0			0			0			0			0			0
"22126"			0			0			0			0			0			0			0			0			0			0
"22464"			0			0			0			0			0			0			0			0			0			0
"22521"			0			0			0			0			0			0			0			0			0			0
"22695"			0			0			0			9			0			0			0			0			0			0
"22900"			0			0			0			0			0			0			0			0			0			0
"23020"			0			0			0			0			0			0			0			0			0			0
"23065"			0			0			0			0			0			0			0			0			0			0
"23508"			0			0			0			0			0			0			0			0			0			0
"23582"			0			0			0			0			0			0			0			0			0			0
"23619"			0			0			0			0			0			0			0			0			0			0
"23771"			0			0			0			0			0			0			0			0			0			0
"23871"			0			0			0			0			0			0			0			0			0			0
"23902"			0			0			0			0			0			0			0			0			0			0
"24539"			0			0			0			0			0			0			0			0			0			0
"24751"			0			0			0			0			0			0			0			0			0			0
"24835"			0			0			0			0			0			0			0			0			0			0
"24861"			0			0			0			0			0			0			0			0			0			0
"24921"			0			0			0			0			0			0			0			0			0			0
"25009"			0			0			0			0			0			0			0			0			0			0
"25131"			0			0			0			0			0			0			0			0			0			0
"25216"			0			0			0			0			0			0			0			0			0			0
"25225"			0			0			0			0			0			0			0			0			0			0
"25403"			0			0			0			0			0			0			0			0			0			0
"25583"			0			0			0			0			0			0			0			0			0			10
"25630"			0			0			0			0			0			0			0			0			0			0
"25674"			0			0			0			0			0			0			0			0			0			0
"25981"			0			0			0			0			0			0			0			0			0			0
"25996"			0			0			0			0			0			0			0			0			0			0
"26517"			0			0			0			0			0			0			0			0			0			0
"26544"			0			0			0			0			0			0			0			0			0			0
"26615"			0			0			0			0			0			0			0			0			0			0
"26628"			0			0			0			0			0			0			0			0			0			0
"26756"			0			0			0			0			0			0			0			0			0			0
"27788"			0			0			0			0			0			0			0			0			0			0
"27813"			0			0			0			0			0			0			0			0			0			0
"27888"			0			0			0			0			0			0			0			0			0			0
"27956"			0			0			0			0			0			0			0			0			0			0
"28056"			0			0			0			0			0			0			0			0			0			0
"28091"			2			0			0			0			0			0			2			0			0			8
"28177"			0			0			0			0			0			0			0			0			0			0
"28315"			0			0			0			0			0			0			0			0			0			0
"28492"			0			0			0			0			0			8			0			0			0			4
"28591"			0			0			0			0			0			0			0			0			0			0
"28634"			0			0			0			0			0			0			10			0			0			9
"29101"			0			0			0			0			0			0			0			0			0			0
"29204"			0			0			0			0			0			0			0			0			0			0
"29259"			0			0			0			0			0			0			0			0			0			0
"29570"			0			0			0			0			0			9			0			0			0			0
"29806"			0			0			0			0			0			0			0			0			0			0
"29867"			0			0			0			0			0			0			0			0			0			10
"29974"			0			0			0			0			0			0			0			0			0			0
"30029"			0			0			0			0			0			0			0			0			0			0
"30072"			0			0			0			0			0			0			0			0			0			0
"30120"			0			0			0			0			0			8			0			0			0			0
"30125"			0			0			0			0			0			0			0			0			0			0
"30531"			0			0			0			0			0			0			0			0			0			0
"30594"			0			0			0			0			0			0			0			0			0			0
"30642"			0			0			0			0			0			0			0			0			0			0
"30716"			0			0			0			0			0			0			0			0			0			0
"30989"			0			0			0			0			0			0			0			0			0			0
"31049"			0			0			0			0			0			0			0			0			0			0
"31172"			0			0			0			0			0			0			0			0			0			0
"31226"			0			0			0			0			0			0			0			0			0			0
"31229"			0			0			0			0			0			0			0			0			0			0
"31315"			0			0			0			0			0			0			0			0			0			0
"31406"			0			0			0			0			0			0			0			0			0			0
"31446"			0			0			0			0			0			0			0			0			0			0
"31466"			0			0			0			0			0			0			0			0			0			0
"31471"			0			0			0			0			0			0			0			0			0			0
"31609"			0			0			0			0			0			6			0			0			0			0
"31652"			0			0			0			0			0			0			0			0			0			0
"31742"			0			0			0			0			0			0			0			0			0			0
"32087"			0			0			0			0			7			0			0			0			0			0
"32569"			0			0			0			0			7			0			0			0			0			0
"33036"			0			0			0			0			0			0			0			0			0			0
"33179"			0			0			0			0			0			0			0			0			0			0
"33264"			0			0			0			0			0			0			0			0			0			0
"33681"			0			0			0			0			0			0			0			0			0			0
"33826"			0			0			0			0			0			0			0			0			0			0
"33862"			0			0			0			0			0			0			0			0			0			0
"33933"			0			0			0			0			0			0			0			0			0			0
"33958"			0			0			0			0			0			0			0			0			0			0
"34087"			0			0			0			0			0			0			0			0			0			0
"34115"			0			0			0			0			0			0			0			0			0			0
"34523"			0			0			0			0			0			0			0			0			0			0
"34636"			0			0			0			0			0			0			7			0			0			0
"34864"			0			0			0			0			0			0			0			0			0			0
"35188"			0			0			0			0			0			0			0			0			0			0
"35257"			0			0			0			0			0			0			0			0			0			0
"35424"			0			0			0			0			0			0			0			0			0			0
"35445"			0			0			0			0			0			0			0			0			7			0
"35809"			0			0			0			0			0			0			0			0			0			0
"36609"			0			0			0			0			0			0			0			0			0			0
"36715"			0			0			0			0			0			0			0			0			0			0
"36952"			0			0			0			0			0			0			0			0			0			0
"36973"			0			0			0			0			0			0			0			0			0			0
"36978"			0			0			0			0			0			0			0			0			0			0
"37147"			0			0			0			0			0			0			0			0			0			0
"37208"			0			0			0			0			0			0			0			0			0			0
"37239"			0			0			0			0			0			0			0			0			0			0
"37400"			0			0			0			0			0			0			0			0			0			0
"37584"			8			0			0			0			0			8			8			0			0			0
"37605"			0			0			0			0			0			0			0			0			0			10
"37691"			0			0			0			0			0			0			0			0			0			0
"37989"			0			0			0			0			0			0			0			0			0			0
"38176"			0			0			0			0			0			0			0			0			0			0
"38217"			0			0			0			0			0			0			0			0			0			0
"38229"			0			0			0			0			0			0			0			0			0			0
"38250"			0			0			0			0			0			0			0			0			0			0
"38273"			0			0			0			0			0			0			0			0			0			0
"38281"			0			0			0			0			0			0			0			0			0			0
"38590"			0			0			0			0			0			0			0			0			0			0
"38654"			0			0			0			0			0			0			0			0			0			0
"38679"			0			0			0			0			0			0			0			0			0			0
"38718"			0			0			0			0			0			0			0			0			0			0
"38899"			0			0			0			0			0			0			0			0			0			0
"38950"			0			0			0			0			0			0			0			0			0			0
"38995"			10			0			0			0			0			10			0			0			0			0
"39219"			0			0			0			0			0			0			0			0			0			0
"39379"			0			0			0			0			0			0			0			0			0			0
"39396"			0			0			0			0			0			0			0			10			0			0
"39467"			0			0			0			0			0			0			0			0			10			0
"39584"			0			0			0			0			0			0			0			0			0			0
"39608"			0			0			0			0			0			0			0			0			0			0
"40110"			0			0			0			0			0			0			0			0			0			0
"40505"			0			0			0			0			0			0			0			0			0			0
"40748"			0			0			0			0			0			0			0			0			0			0
"40772"			0			0			0			0			0			0			0			0			0			0
"40889"			0			0			0			0			0			0			0			0			0			0
"40943"			0			0			0			0			0			0			0			0			0			0
"41088"			0			0			0			0			0			0			0			0			0			0
"41364"			0			0			0			0			0			0			0			0			0			0
"41392"			0			0			0			0			0			0			0			0			0			0
"41425"			4			0			0			0			0			0			0			0			8			0
"41449"			0			0			0			0			0			0			0			0			0			0
"41450"			0			0			0			0			0			0			0			0			0			0
"41589"			0			0			0			0			0			0			0			0			0			0
"41676"			0			0			0			0			0			0			0			0			0			0
"42099"			0			0			0			0			0			0			0			0			0			10
"42123"			0			0			0			0			0			0			0			0			0			0
"42323"			0			0			0			0			0			0			0			0			0			0
"42400"			0			0			0			0			0			0			0			0			0			0
"42439"			0			0			0			0			0			0			0			0			0			0
"42611"			0			0			0			0			0			0			0			0			0			0
"42730"			0			0			0			0			0			0			0			0			0			0
"42798"			0			0			0			0			0			0			0			0			0			0
"42847"			0			0			0			6			0			0			0			0			0			0
"42883"			0			0			0			0			0			0			0			0			0			0
"42935"			0			0			0			0			0			0			0			0			0			0
"42948"			0			0			0			0			0			0			0			0			0			0
"43157"			0			0			0			0			0			0			0			0			0			0
"43309"			0			0			0			0			0			0			0			0			0			0
"43397"			0			0			0			0			0			0			0			0			7			0
"43595"			0			0			0			0			0			0			0			0			0			9
"43619"			0			0			0			0			0			0			0			0			0			0
"43639"			0			0			0			0			0			0			0			0			0			0
"43678"			0			0			0			0			0			0			0			0			0			0
"43806"			0			0			0			0			0			0			0			0			0			0
"43807"			0			0			0			0			0			0			0			0			0			0
"43852"			0			0			9			0			0			0			0			0			0			0
"43920"			0			0			0			0			0			0			0			0			0			0
"44269"			0			0			0			0			0			0			0			0			0			0
"44295"			0			0			0			0			0			0			0			0			0			0
"44842"			0			0			0			0			0			0			0			0			0			0
"44893"			0			0			0			0			0			0			0			0			0			0
"45042"			0			0			0			0			0			0			0			0			0			0
"45064"			0			0			0			0			0			0			0			0			0			0
"45068"			0			0			0			0			0			0			0			0			0			10
"45107"			0			0			0			0			0			0			0			0			0			0
"45114"			0			0			0			0			0			0			0			0			0			0
"45340"			0			0			0			0			0			0			0			0			0			0
"45383"			0			0			0			0			0			0			0			0			0			0
"45409"			0			0			0			0			0			0			0			0			0			0
"45557"			0			0			0			0			0			0			0			0			0			0
"45641"			0			0			0			0			0			0			0			0			0			0
"45772"			0			0			0			0			0			0			0			0			0			0
"46269"			0			0			0			0			0			0			0			0			0			0
"46443"			0			9			0			0			0			0			0			0			0			0
"46904"			0			0			0			0			0			0			0			0			0			0
"47128"			0			0			0			0			0			0			0			0			0			0
"47250"			0			0			0			0			0			0			0			0			0			0
"47401"			0			0			0			0			0			0			0			0			0			0
"47504"			0			0			0			0			0			0			0			0			0			0
"47609"			0			0			0			0			0			0			0			0			0			0
"47779"			0			0			0			0			0			0			0			0			0			0
"48217"			0			0			0			0			0			0			0			0			0			0
"48313"			0			0			0			0			0			0			0			0			0			0
"48539"			0			0			0			0			0			0			0			0			0			0
"48595"			0			0			0			0			0			0			0			0			0			9
"48929"			0			0			0			0			10			0			0			0			0			0
"49289"			0			0			0			0			0			0			0			0			0			8
"49300"			0			0			0			0			0			0			0			0			0			0
"49314"			0			0			0			0			0			0			7			0			0			0
"49460"			0			0			0			0			0			0			0			0			0			0
"49635"			0			0			0			0			0			0			0			0			0			0
"50110"			0			0			0			0			0			0			0			0			0			0
"50545"			0			0			0			0			0			0			0			0			0			0
"50823"			0			0			0			0			0			0			0			0			0			0
"50849"			0			0			0			0			0			0			0			0			0			0
"51071"			0			0			0			0			0			0			0			0			0			0
"51082"			0			0			0			0			0			0			0			0			0			0
"51094"			0			0			0			0			0			0			0			0			0			0
"51192"			0			0			0			0			0			0			0			0			0			0
"51197"			0			0			0			0			0			0			0			0			0			0
"51386"			0			0			0			0			0			0			0			0			0			0
"51571"			0			0			0			0			0			0			0			0			0			0
"51665"			0			0			0			0			0			0			0			0			0			0
"51805"			0			0			0			0			0			0			0			0			0			0
"52199"			0			0			0			0			0			0			0			0			0			0
"52256"			0			0			0			0			0			0			0			0			0			0
"52425"			5			0			0			0			0			0			5			0			0			0
"52435"			0			0			0			0			0			0			0			0			0			0
"52805"			0			0			0			0			0			0			0			0			0			0
"52811"			0			0			0			0			0			0			0			0			0			0
"52853"			0			0			0			0			0			0			0			0			0			0
"52887"			0			0			0			0			0			0			0			0			0			0
"53265"			0			0			0			0			0			0			0			0			0			0
"53332"			0			0			0			0			0			0			0			0			0			0
"53365"			0			0			5			0			0			0			0			0			0			0
"53392"			0			0			0			0			0			0			0			0			0			8
"53430"			0			0			0			0			0			0			0			0			0			0
"53577"			0			0			0			0			0			0			0			0			0			0
"53628"			0			0			0			0			0			0			0			0			0			0
"53663"			0			0			0			0			0			0			0			0			0			0
"54218"			0			0			0			0			0			0			0			0			0			0
"54374"			0			0			0			0			0			0			0			0			0			0
"54453"			0			0			0			0			0			0			0			0			0			0
"54497"			0			0			0			0			0			0			0			0			0			0
"54605"			0			0			0			0			0			0			0			0			0			0
"54884"			0			0			0			0			0			0			0			0			0			0
"54889"			0			0			0			0			0			0			0			0			0			9
"54968"			0			0			0			0			0			0			0			0			0			0
"55375"			0			0			0			0			0			0			0			0			0			0
"55441"			0			0			9			0			0			0			0			0			0			0
"55550"			0			0			0			0			0			0			0			0			0			0
"55559"			0			0			0			0			0			0			0			0			0			0
"55631"			0			0			0			0			6			0			0			0			0			0
"55927"			0			0			0			0			0			0			0			0			0			0
"56039"			0			0			0			0			0			0			0			0			0			0
"56315"			0			0			0			0			0			0			0			0			0			9
"56661"			0			0			0			0			0			0			0			0			0			0
"56723"			0			0			0			0			0			0			0			0			0			0
"56739"			0			0			0			0			0			0			0			0			0			0
"57108"			0			0			0			0			0			0			0			0			0			0
"57124"			0			0			0			0			0			7			0			0			0			6
"57398"			0			0			0			0			0			0			0			0			0			0
"58142"			0			0			0			0			0			0			0			0			0			0
"58151"			0			0			0			0			0			0			0			0			0			0
"58594"			0			0			0			0			0			0			0			0			0			0
"58911"			0			0			0			0			0			0			0			0			0			0
"59148"			0			0			0			0			0			0			0			0			0			0
"59180"			0			0			0			0			0			0			0			0			0			0
"59189"			0			0			0			0			0			0			0			0			0			0
"59267"			0			0			0			0			0			0			0			0			0			0
"59595"			0			0			0			0			0			0			0			0			0			0
"59727"			0			0			0			7			0			0			0			0			0			0
"60050"			9			0			0			0			0			0			0			0			0			0
"60080"			0			0			0			0			0			0			0			0			0			0
"60098"			0			0			0			0			0			0			0			0			0			0
"60244"			0			0			0			0			0			0			0			0			0			0
"60251"			0			0			0			0			0			0			0			0			0			8
"60263"			0			0			0			0			0			0			0			0			0			10
"60277"			0			0			0			0			0			0			0			0			0			0
"60278"			0			0			0			0			0			0			0			0			0			0
"60475"			0			0			0			0			0			0			0			0			0			7
"60546"			0			0			0			0			0			0			0			0			0			0
"60569"			0			0			0			0			0			0			0			0			0			0
"60621"			0			0			0			0			0			0			9			0			0			0
"60941"			0			0			0			0			0			6			0			0			0			0
"61668"			0			0			0			0			0			0			0			0			0			0
"61704"			8			0			0			0			0			0			0			0			0			0
"62193"			0			0			0			0			0			0			0			0			0			0
"62239"			0			0			0			0			0			0			0			0			0			0
"62272"			0			0			0			0			0			0			0			0			0			0
"62378"			0			0			0			0			0			0			0			0			0			0
"62511"			0			0			0			0			0			0			0			0			0			0
"62542"			0			0			0			0			0			0			0			0			0			0
"62862"			0			0			0			0			0			0			0			0			0			0
"62891"			0			0			0			0			0			9			0			0			0			0
"63367"			0			0			0			0			0			0			0			0			0			0
"63595"			0			0			0			0			0			0			0			0			0			0
"63956"			10			0			0			0			0			0			0			0			0			0
"64075"			0			0			0			0			0			0			0			0			0			0
"64120"			0			0			0			0			0			0			0			0			0			0
"64435"			0			0			0			0			0			0			0			0			0			0
"65038"			0			0			0			0			0			0			0			0			0			0
"65145"			5			0			0			0			0			0			5			0			0			0
"65228"			0			0			0			0			0			0			0			0			0			0
"65238"			0			0			0			0			0			0			0			0			0			0
"65484"			0			0			0			0			0			0			0			0			0			0
"65497"			0			0			0			0			0			0			0			0			0			0
"65653"			0			0			0			0			0			0			0			0			0			0
"65663"			0			0			0			0			0			0			0			0			0			0
"65710"			0			0			0			0			0			0			0			0			0			0
"65791"			0			0			0			0			0			0			0			0			0			7
"65877"			0			0			0			0			0			0			0			0			0			0
"66100"			7			0			0			0			0			0			0			0			0			0
"66161"			0			0			0			0			0			0			0			0			0			0
"66483"			0			0			0			0			0			0			0			0			0			0
"66790"			0			0			0			0			0			0			0			0			0			0
"66792"			0			0			0			0			0			0			0			0			0			0
"66878"			0			0			0			0			0			0			0			0			0			0
"67198"			0			0			0			0			0			0			0			0			0			0
"67236"			0			0			0			0			0			0			0			0			0			0
"67270"			0			0			0			0			0			0			0			0			0			0
"67397"			0			0			0			0			0			0			0			0			0			0
"67547"			0			0			0			0			0			0			0			0			0			0
"67627"			5			0			0			0			0			0			0			0			0			8
"67677"			0			0			0			0			0			0			0			0			0			0
"67694"			0			0			0			0			0			0			0			0			0			0
"67775"			0			0			0			0			0			0			0			0			0			0
"68059"			0			0			0			0			0			0			0			0			0			0
"68128"			0			0			0			0			0			0			0			0			0			0
"68256"			0			0			0			0			0			0			0			0			0			0
"68272"			0			0			0			0			0			0			0			0			0			0
"68768"			0			0			0			0			0			0			0			0			0			0
"68998"			0			0			0			0			0			0			0			0			0			0
"69389"			0			0			0			0			0			0			0			0			0			0
"69554"			0			0			0			0			0			0			0			0			0			0
"69697"			0			0			0			0			0			0			0			0			0			0
"69971"			0			0			0			0			0			0			0			0			0			0
"70192"			0			0			0			0			0			0			0			0			0			0
"70302"			0			0			0			0			0			0			0			0			0			0
"70564"			0			0			0			0			0			0			0			0			0			0
"70594"			0			0			0			0			0			0			0			0			0			0
"71075"			0			0			0			0			0			0			0			0			0			0
"71181"			0			0			0			0			0			0			0			0			0			0
"71183"			0			0			0			0			0			0			0			0			0			0
"71234"			0			0			0			0			0			0			0			0			0			0
"71568"			0			0			0			0			0			0			0			0			0			0
"71752"			0			0			0			0			0			0			0			0			0			0
"72282"			0			0			0			0			0			0			0			0			0			0
"72368"			0			0			0			0			0			0			0			0			0			0
"72523"			5			0			0			0			0			0			0			0			0			0
"72529"			0			0			0			0			0			0			0			0			0			0
"72636"			0			0			0			9			0			0			0			0			0			0
"72742"			0			0			0			0			0			0			0			0			0			0
"73012"			0			0			0			0			0			0			0			0			0			0
"73044"			0			0			0			0			0			0			0			0			0			10
"73056"			0			0			0			0			0			0			0			0			0			0
"73330"			10			0			0			0			0			0			0			10			0			10
"73331"			0			0			0			0			0			0			0			0			0			0
"73363"			0			0			0			0			0			0			0			0			0			0
"73398"			0			0			0			0			0			0			8			0			0			0
"73467"			0			0			0			0			8			0			0			0			0			0
"73469"			0			0			0			0			0			0			0			0			0			0
"73490"			0			0			0			0			0			0			0			0			0			0
"73622"			0			0			0			0			0			0			0			0			0			0
"73741"			0			0			0			0			0			0			0			0			0			0
"74187"			0			0			0			0			0			0			0			0			0			0
"74286"			0			0			0			0			0			0			0			0			0			0
"74328"			0			0			0			0			0			0			0			0			0			0
"74493"			0			0			0			0			0			0			0			0			0			0
"74630"			0			0			0			0			0			0			0			0			0			0
"74833"			0			0			0			0			0			0			0			0			0			0
"74908"			0			0			0			0			0			0			0			0			0			0
"75089"			0			0			0			0			0			0			0			0			0			0
"75096"			0			0			0			0			0			0			0			0			0			0
"75251"			0			0			0			0			0			0			0			0			0			0
"75486"			0			0			0			0			0			0			0			0			0			0
"75701"			0			0			0			0			0			0			0			0			0			0
"75771"			0			0			0			0			0			0			0			0			0			0
"75777"			0			0			0			0			0			0			0			0			0			0
"76122"			0			0			0			0			0			0			0			0			0			0
"76151"			0			0			0			0			0			0			0			0			0			0
"76351"			0			0			0			0			0			0			10			0			0			0
"76482"			0			0			0			0			0			0			0			0			0			0
"76483"			0			0			0			0			0			0			0			0			0			0
"76532"			0			0			0			0			0			0			0			0			0			0
"76815"			0			0			0			0			0			0			0			0			0			0
"76873"			0			0			0			0			0			0			0			0			0			0
-------------------- END model.txt --------------------